144
298
666
206
737
224
715
811
98
790
269
99
414
279
154
691
177
141
448
638
754
419
119
383
164
147
68
385
506
695
1090
545
577
453
2100
266
440
960
180
1650
418
445
933
477
52
104
555
132
469
582
554
435
2835
111
378
2282
1578
466
412
510
479
1661
873
832
816
587
415
710
1172
660
254
1112
452
12
64
690
223
653
7
1373
252
675
1113
105
1030
2241
2353
1185
174
1050
317
996
247
272
2636
424
698
8
1135
444
379
1879
1450
151
772
638
98
1856
1510
541
30
1745
935
89
1865
1420
171
985
52
1084
1470
26
690
675
61
735
2231
692
91
1560
223
34
415
452
377
539
47
634
1379
1895
30
447
356
546
464
530
610
475
1794
976
1387
806
1613
75
1414
478
2010
1418
631
603
172
333
500
1821
953
495
1668
601
1077
289
1857
1435
1932
399
1372
357
3012
2716
529
1364
1266
1878
437
3598
1524
5060
650
1365
948
5908
478
1842
847
1385
351
2238
1429
473
5447
1900
33
1738
1374
5196
1442
3031
628
1287
1921
4409
1355
1365
300
8303
615
294
2992
1115
4131
10
222
3026
257
18
385
258
1346
0
1426
399
667
284
1161
366
822
951
77
787
238
107
155
397
485
764
371
1264
131
224
590
35
1287
1329
6225
516
361
368
1628
636
347
1478
746
802
1385
2121
221
415
1976
1932
1686
2104
1942
1432
1685
789
1111
906
795
691
1105
712
234
565
723
1068
1066
1064
1060
833
1050
985
1038
209
52
591
262
701
2842
1281
1585
2904
2629
513
649
1193
542
2368
2134
2114
2059
1893
1644
1363
334
338
56
91
65
1821
3127
439
5144
4551
2917
1879
1142
520
4873
4818
1295
6061
5845
5957
553
1321
2205
1183
4486
1223
3338
533
489
689
3111
3795
4279
24
353
701
774
758
196
712
796
336
486
505
1206
354
848
842
763
447
478
257
447
826
459
259
526
522
480
445
513
192
213
1351
56
200
57
544
1971
362
719
859
575
495
418
2828
329
344
1670
232
90
253
206
1718
941
823
552
118
20
1392
933
5382
2914
3112
1274
3824
4262
1956
1322
5281
6099
3681
3808
5229
4316
7374
2877
1073
1911
1961
2628
2495
21
1969
3778
2437
3157
2670
1750
3702
3115
1572
1931
1449
4529
4788
1784
1526
3418
5211
1463
142
153
1309
274
274
244
61
335
122
274
457
427
122
548
