144.0
298.0
666.0
206.0
737.0
224.0
715.0
811.0
380.0
105.0
64.0
485.0
153.0
626.0
532.0
648.0
375.0
318.0
369.0
54.0
620.0
98.0
790.0
269.0
99.0
272.0
83.0
77.0
424.0
438.0
414.0
279.0
154.0
691.0
177.0
141.0
448.0
28.0
138.0
254.0
187.0
232.0
1179.0
535.0
815.0
575.0
548.0
1448.0
393.0
385.0
35.0
638.0
386.0
754.0
419.0
119.0
383.0
164.0
147.0
68.0
753.0
175.0
394.0
422.0
213.0
386.0
203.0
225.0
175.0
342.0
521.0
654.0
112.0
385.0
506.0
695.0
1090.0
545.0
577.0
453.0
2100.0
266.0
440.0
960.0
180.0
1650.0
418.0
445.0
1800.0
1168.0
180.0
456.0
1650.0
1680.0
1333.0
360.0
933.0
477.0
52.0
104.0
555.0
132.0
469.0
582.0
554.0
435.0
2835.0
111.0
378.0
2282.0
1578.0
466.0
987.0
1120.0
2235.0
4412.0
984.0
821.0
1710.0
1595.0
1206.0
106.0
303.0
1609.0
1229.0
936.0
245.0
2987.0
441.0
486.0
313.0
391.0
599.0
1627.0
1366.0
437.0
567.0
17.0
427.0
564.0
2034.0
191.0
295.0
275.0
138.0
456.0
325.0
1061.0
296.0
738.0
485.0
6080.0
2464.0
519.0
4870.0
2717.0
294.0
1732.0
1918.0
323.0
4219.0
1160.0
3049.0
7000.0
8444.0
4343.0
1653.0
3479.0
590.0
4753.0
5501.0
313.0
6672.0
1504.0
1860.0
523.0
1188.0
1275.0
1257.0
3690.0
1923.0
129.0
265.0
4051.0
4566.0
2613.0
10438.0
427.0
4136.0
1810.0
3743.0
5590.0
598.0
2993.0
2800.0
3978.0
7730.0
2495.0
1447.0
486.0
664.0
1324.0
5325.0
310.0
3377.0
3735.0
2235.0
2307.0
10274.0
266.0
8479.0
595.0
1236.0
3023.0
248.0
842.0
1176.0
3439.0
1366.0
4635.0
4015.0
2575.0
512.0
936.0
2615.0
311.0
3289.0
672.0
2661.0
2501.0
3542.0
639.0
4795.0
1271.0
1114.0
282.0
2589.0
2536.0
858.0
2572.0
2789.0
3059.0
3295.0
4449.0
4002.0
1732.0
1563.0
2894.0
748.0
4042.0
630.0
3830.0
1761.0
265.0
358.0
4163.0
528.0
3547.0
727.0
2092.0
2099.0
2848.0
905.0
2845.0
3689.0
3579.0
2948.0
1066.0
1229.0
3085.0
440.0
217.0
1703.0
256.0
686.0
678.0
160.0
534.0
518.0
722.0
1889.0
2426.0
1783.0
1583.0
1796.0
352.0
1013.0
1110.0
2928.0
1986.0
868.0
805.0
1526.0
1200.0
798.0
863.0
1233.0
1545.0
414.0
45.0
449.0
107.0
1522.0
1533.0
1160.0
1311.0
1105.0
1578.0
1309.0
1506.0
795.0
75.0
99.0
1175.0
1134.0
785.0
439.0
838.0
967.0
813.0
824.0
1218.0
1641.0
371.0
2217.0
129.0
1529.0
1653.0
1610.0
847.0
1734.0
472.0
1.0
433.0
497.0
1114.0
1518.0
1503.0
1512.0
837.0
2590.0
428.0
670.0
573.0
630.0
1166.0
372.0
609.0
827.0
812.0
1531.0
1250.0
1236.0
1885.0
1467.0
1457.0
1186.0
614.0
876.0
412.0
510.0
479.0
1661.0
873.0
832.0
816.0
587.0
415.0
710.0
1172.0
660.0
254.0
1112.0
452.0
12.0
64.0
690.0
223.0
653.0
7.0
1373.0
252.0
675.0
1113.0
105.0
1030.0
2241.0
2353.0
1185.0
174.0
1050.0
317.0
996.0
247.0
272.0
2636.0
424.0
698.0
8.0
1135.0
444.0
379.0
1879.0
1450.0
151.0
772.0
638.0
98.0
1856.0
1510.0
541.0
30.0
1745.0
935.0
89.0
1865.0
1420.0
171.0
985.0
52.0
1084.0
1470.0
26.0
690.0
675.0
61.0
735.0
2231.0
692.0
596.0
1567.0
670.0
808.0
72.0
1420.0
1376.0
305.0
1410.0
672.0
1476.0
315.0
2709.0
1038.0
325.0
2105.0
1610.0
2253.0
675.0
1868.0
335.0
1095.0
1308.0
1227.0
1440.0
908.0
355.0
977.0
1490.0
820.0
1035.0
802.0
385.0
788.0
295.0
1421.0
776.0
1400.0
285.0
1021.0
3904.0
315.0
3183.0
608.0
1795.0
2025.0
1410.0
427.0
1075.0
2818.0
1091.0
2971.0
727.0
249.0
1378.0
1250.0
837.0
916.0
1031.0
48.0
419.0
966.0
1253.0
841.0
517.0
1540.0
982.0
1114.0
990.0
867.0
129.0
554.0
381.0
625.0
30.0
154.0
373.0
228.0
307.0
1027.0
117.0
64.0
157.0
177.0
2255.0
1357.0
367.0
171.0
219.0
207.0
1557.0
238.0
43.0
220.0
168.0
425.0
346.0
486.0
623.0
608.0
69.0
532.0
1071.0
807.0
296.0
168.0
1905.0
1604.0
1756.0
134.0
452.0
574.0
428.0
168.0
90.0
386.0
603.0
93.0
941.0
9.0
49.0
2304.0
232.0
1154.0
858.0
2848.0
523.0
1381.0
898.0
2150.0
91.0
91.0
1560.0
223.0
1095.0
820.0
120.0
120.0
120.0
120.0
120.0
60.0
120.0
120.0
120.0
15.0
120.0
455.0
987.0
120.0
120.0
120.0
15.0
120.0
45.0
659.0
479.0
230.0
542.0
120.0
120.0
120.0
120.0
120.0
120.0
120.0
120.0
120.0
120.0
120.0
120.0
15.0
120.0
120.0
34.0
415.0
452.0
1940.0
120.0
711.0
1817.0
1746.0
1833.0
578.0
1718.0
1792.0
1494.0
339.0
557.0
1586.0
616.0
92.0
1553.0
1605.0
253.0
1461.0
775.0
377.0
539.0
47.0
634.0
1379.0
1895.0
30.0
447.0
356.0
546.0
464.0
530.0
610.0
1404.0
475.0
1794.0
976.0
1387.0
806.0
1613.0
75.0
1414.0
478.0
2010.0
1418.0
631.0
603.0
172.0
333.0
500.0
1821.0
953.0
495.0
1668.0
740.0
601.0
1077.0
289.0
1857.0
1435.0
1932.0
399.0
1372.0
357.0
3012.0
2716.0
529.0
1364.0
1266.0
1878.0
437.0
1357.0
3598.0
1524.0
5060.0
650.0
1365.0
948.0
5908.0
478.0
1842.0
847.0
1385.0
351.0
2238.0
1429.0
480.0
473.0
5447.0
1900.0
33.0
1738.0
1374.0
5196.0
1442.0
3031.0
628.0
1287.0
1921.0
4409.0
1355.0
2031.0
1448.0
369.0
76.0
1444.0
1340.0
893.0
1840.0
1423.0
906.0
1724.0
487.0
1452.0
1121.0
208.0
1938.0
771.0
1368.0
1086.0
500.0
780.0
1850.0
1103.0
830.0
1049.0
1060.0
1740.0
840.0
977.0
1202.0
282.0
926.0
1818.0
1282.0
309.0
1321.0
361.0
1607.0
357.0
580.0
1479.0
351.0
1945.0
1343.0
1851.0
248.0
1337.0
357.0
583.0
400.0
1886.0
419.0
1942.0
1294.0
364.0
386.0
697.0
1888.0
351.0
375.0
1936.0
20.0
842.0
1077.0
1812.0
54.0
873.0
1171.0
1755.0
858.0
732.0
1423.0
599.0
1168.0
747.0
1001.0
647.0
1917.0
1229.0
734.0
718.0
1119.0
767.0
727.0
1111.0
469.0
287.0
1018.0
324.0
550.0
1798.0
538.0
1849.0
524.0
1025.0
1378.0
460.0
1903.0
114.0
1118.0
1079.0
1203.0
417.0
1865.0
1338.0
1087.0
1305.0
1214.0
1610.0
1336.0
412.0
1049.0
1312.0
1210.0
564.0
997.0
1280.0
343.0
1299.0
1027.0
1233.0
1016.0
1716.0
99.0
144.0
620.0
1040.0
1203.0
951.0
1739.0
1080.0
646.0
1219.0
1823.0
1140.0
1217.0
1788.0
527.0
1132.0
1180.0
1174.0
597.0
1106.0
1168.0
1111.0
202.0
902.0
1008.0
433.0
430.0
863.0
1566.0
181.0
1811.0
488.0
233.0
1550.0
1807.0
1063.0
508.0
1666.0
725.0
1013.0
1736.0
830.0
976.0
91.0
606.0
211.0
969.0
862.0
889.0
771.0
911.0
204.0
757.0
293.0
881.0
254.0
824.0
773.0
860.0
841.0
685.0
697.0
677.0
837.0
833.0
829.0
795.0
423.0
712.0
278.0
92.0
642.0
278.0
690.0
605.0
608.0
175.0
600.0
1365.0
300.0
8303.0
580.0
615.0
560.0
294.0
487.0
2992.0
1115.0
547.0
4131.0
10.0
222.0
3026.0
340.0
225.0
513.0
1803.0
577.0
458.0
1761.0
4962.0
1610.0
1729.0
435.0
2117.0
1659.0
1043.0
1809.0
612.0
1644.0
611.0
1691.0
1143.0
472.0
1543.0
1489.0
992.0
140.0
5100.0
495.0
1309.0
565.0
99.0
816.0
1436.0
4421.0
2907.0
329.0
986.0
1008.0
950.0
907.0
953.0
2703.0
1319.0
3184.0
408.0
2033.0
724.0
1428.0
1461.0
1117.0
1461.0
1005.0
100.0
624.0
816.0
1096.0
1145.0
807.0
274.0
30.0
700.0
628.0
761.0
437.0
548.0
91.0
852.0
715.0
694.0
661.0
782.0
6657.0
700.0
1613.0
1431.0
304.0
505.0
3358.0
2819.0
2578.0
1963.0
670.0
822.0
548.0
353.0
341.0
4304.0
5446.0
2393.0
4776.0
5083.0
2043.0
2039.0
2036.0
3297.0
4926.0
2253.0
1473.0
1215.0
1163.0
4475.0
30.0
183.0
822.0
910.0
3898.0
2039.0
1005.0
1766.0
752.0
849.0
2374.0
1948.0
1552.0
2222.0
1400.0
22.0
257.0
1081.0
1379.0
370.0
1194.0
18.0
385.0
464.0
121.0
711.0
586.0
624.0
258.0
594.0
1421.0
2284.0
351.0
291.0
965.0
1107.0
601.0
1346.0
0.0
1426.0
399.0
667.0
284.0
1161.0
366.0
822.0
951.0
77.0
787.0
238.0
107.0
155.0
397.0
485.0
764.0
371.0
1264.0
131.0
224.0
590.0
35.0
1287.0
233.0
572.0
1091.0
1189.0
1738.0
1646.0
285.0
641.0
2356.0
280.0
361.0
320.0
772.0
253.0
886.0
857.0
595.0
1234.0
627.0
1623.0
263.0
91.0
1343.0
201.0
1431.0
362.0
24.0
217.0
433.0
673.0
1547.0
1632.0
1329.0
1258.0
1741.0
1766.0
295.0
3587.0
6225.0
516.0
361.0
843.0
1871.0
996.0
4000.0
545.0
151.0
368.0
1628.0
636.0
347.0
1478.0
746.0
802.0
6598.0
383.0
0.0
467.0
5107.0
2004.0
1992.0
821.0
813.0
1315.0
447.0
3424.0
79.0
877.0
1438.0
988.0
368.0
874.0
1486.0
19.0
366.0
122.0
1385.0
2121.0
221.0
415.0
1976.0
1932.0
1686.0
2104.0
1942.0
1432.0
1685.0
789.0
1774.0
1581.0
1028.0
2054.0
1915.0
840.0
2260.0
459.0
762.0
412.0
1044.0
4634.0
1249.0
1317.0
749.0
237.0
1381.0
469.0
894.0
1287.0
1355.0
683.0
980.0
661.0
904.0
1037.0
1197.0
867.0
1188.0
215.0
226.0
253.0
1007.0
1500.0
693.0
269.0
751.0
1373.0
1215.0
1452.0
1422.0
1430.0
1415.0
1410.0
1401.0
304.0
981.0
865.0
1359.0
462.0
1347.0
564.0
1334.0
781.0
1320.0
592.0
1297.0
526.0
147.0
632.0
1263.0
404.0
1256.0
1237.0
1235.0
193.0
451.0
1207.0
550.0
1189.0
207.0
1173.0
745.0
1154.0
603.0
701.0
1145.0
858.0
315.0
1109.0
1111.0
906.0
795.0
691.0
1105.0
712.0
234.0
565.0
723.0
1068.0
1066.0
1064.0
1060.0
833.0
1050.0
985.0
1038.0
209.0
52.0
591.0
262.0
701.0
2842.0
1281.0
1585.0
2904.0
2629.0
513.0
649.0
1193.0
542.0
2368.0
2134.0
2114.0
2059.0
1893.0
1644.0
1363.0
113.0
1372.0
537.0
162.0
209.0
429.0
370.0
482.0
275.0
227.0
132.0
242.0
61.0
1362.0
7.0
17.0
40.0
201.0
1791.0
283.0
1429.0
334.0
338.0
76.0
364.0
410.0
884.0
378.0
388.0
56.0
91.0
65.0
412.0
514.0
467.0
58.0
3097.0
471.0
523.0
2888.0
284.0
414.0
1394.0
939.0
545.0
1754.0
282.0
1675.0
1329.0
275.0
475.0
1883.0
350.0
481.0
1821.0
3127.0
439.0
5144.0
4551.0
2917.0
1879.0
1142.0
520.0
4873.0
3241.0
517.0
3135.0
3674.0
1590.0
4626.0
500.0
915.0
3205.0
1809.0
369.0
465.0
925.0
2211.0
2640.0
340.0
3916.0
1952.0
3011.0
1047.0
532.0
4469.0
398.0
3730.0
3800.0
405.0
428.0
982.0
2837.0
4584.0
2981.0
4130.0
367.0
3574.0
4965.0
291.0
525.0
4059.0
3669.0
1376.0
4651.0
357.0
323.0
398.0
482.0
4194.0
4818.0
1295.0
6061.0
5845.0
5957.0
553.0
1321.0
2205.0
1183.0
4486.0
1223.0
3338.0
533.0
489.0
689.0
3111.0
3795.0
4279.0
24.0
353.0
701.0
774.0
758.0
196.0
712.0
796.0
336.0
486.0
505.0
1206.0
354.0
848.0
842.0
763.0
447.0
478.0
257.0
447.0
826.0
459.0
259.0
526.0
522.0
480.0
445.0
513.0
192.0
213.0
457.0
80.0
448.0
389.0
170.0
379.0
396.0
364.0
333.0
384.0
405.0
227.0
429.0
173.0
347.0
338.0
354.0
358.0
285.0
166.0
300.0
251.0
246.0
218.0
233.0
202.0
248.0
196.0
1826.0
1715.0
1142.0
189.0
1826.0
1036.0
985.0
1826.0
636.0
871.0
619.0
684.0
226.0
1325.0
1826.0
751.0
905.0
1826.0
1826.0
495.0
1826.0
297.0
1541.0
510.0
930.0
540.0
720.0
690.0
540.0
540.0
570.0
720.0
450.0
1147.0
420.0
420.0
150.0
390.0
390.0
510.0
510.0
510.0
1510.0
510.0
1826.0
1312.0
390.0
480.0
570.0
144.0
510.0
90.0
1826.0
540.0
1826.0
480.0
330.0
330.0
1826.0
300.0
1826.0
300.0
210.0
352.0
480.0
560.0
720.0
540.0
570.0
295.0
210.0
180.0
1826.0
890.0
1826.0
1826.0
1826.0
1077.0
192.0
1092.0
74.0
757.0
1214.0
1217.0
195.0
1357.0
1085.0
423.0
792.0
547.0
228.0
1351.0
245.0
364.0
211.0
144.0
324.0
213.0
274.0
56.0
200.0
57.0
544.0
1971.0
362.0
719.0
859.0
575.0
495.0
418.0
2828.0
329.0
344.0
1670.0
232.0
90.0
253.0
206.0
1718.0
941.0
823.0
552.0
118.0
20.0
1392.0
933.0
5382.0
2914.0
3112.0
1274.0
3824.0
4262.0
1956.0
1322.0
5281.0
6099.0
3681.0
3808.0
5229.0
4316.0
7374.0
2877.0
1073.0
1911.0
1961.0
2628.0
2495.0
21.0
1969.0
3778.0
2437.0
3157.0
2670.0
1750.0
3702.0
3115.0
1572.0
1931.0
1449.0
4529.0
4788.0
1784.0
1526.0
3418.0
5211.0
1463.0
3042.0
156.0
142.0
153.0
1309.0
274.0
274.0
244.0
61.0
335.0
122.0
274.0
457.0
29.0
427.0
122.0
548.0
61.0
179.0
214.0
